DL/UL	time	frame	subF	slot	1stSym	symbol#	cellId	rnti	ccId	tbSize	mcs	rv	SINR(dB)	corrupt	TBler
DL	0.00403571	0	4	0	1	1	1	1	0	88	0	0	36.071	0	0
DL	0.00405357	0	4	0	2	1	1	2	0	88	0	0	2.80129	0	0
DL	0.00407143	0	4	0	3	1	1	3	0	88	0	0	0.0303378	0	0.22567
DL	0.00408928	0	4	0	4	1	1	4	0	88	0	0	1.40534	0	0
DL	0.00410714	0	4	0	5	1	1	5	0	88	0	0	-0.0180432	0	0.22567
DL	0.004125	0	4	0	6	1	1	6	0	88	0	0	3.49883	0	0
DL	0.00414285	0	4	0	7	1	1	7	0	88	0	0	-8.99497	1	1
DL	0.00416071	0	4	0	8	1	1	8	0	88	0	0	6.32895	0	0
DL	0.00417857	0	4	0	9	1	1	9	0	88	0	0	27.1142	0	0
DL	0.00419643	0	4	0	10	1	1	10	0	88	0	0	6.09353	0	0
DL	0.00421428	0	4	0	11	1	1	11	0	88	0	0	-4.95515	1	1
DL	0.00423214	0	4	0	12	1	1	12	0	88	0	0	16.5784	0	0
DL	0.00428571	0	4	1	1	1	1	13	0	88	0	0	32.9683	0	0
DL	0.00430357	0	4	1	2	1	1	14	0	88	0	0	42.3133	0	0
DL	0.00432143	0	4	1	3	1	1	15	0	88	0	0	9.79329	0	0
DL	0.00433928	0	4	1	4	1	1	16	0	88	0	0	17.0208	0	0
DL	0.00435714	0	4	1	5	1	1	17	0	88	0	0	-2.4899	1	1
DL	0.004375	0	4	1	6	1	1	18	0	88	0	0	37.3649	0	0
DL	0.00439286	0	4	1	7	1	1	19	0	88	0	0	19.639	0	0
DL	0.00441071	0	4	1	8	1	1	20	0	88	0	0	10.598	0	0
DL	0.00442857	0	4	1	9	1	1	21	0	88	0	0	-13.3175	1	1
DL	0.00444643	0	4	1	10	1	1	22	0	88	0	0	21.9605	0	0
DL	0.00446428	0	4	1	11	1	1	23	0	88	0	0	38.2018	0	0
DL	0.00448214	0	4	1	12	1	1	24	0	88	0	0	20.1612	0	0
DL	0.00453571	0	4	2	1	1	1	25	0	88	0	0	24.71	0	0
DL	0.00455357	0	4	2	2	1	1	26	0	88	0	0	32.2919	0	0
DL	0.00457143	0	4	2	3	1	1	27	0	88	0	0	35.9404	0	0
DL	0.00458928	0	4	2	4	1	1	28	0	88	0	0	33.4449	0	0
DL	0.00460714	0	4	2	5	1	1	29	0	88	0	0	-0.667291	1	0.935252
DL	0.004625	0	4	2	6	1	1	30	0	88	0	0	12.8934	0	0
DL	0.00464285	0	4	2	7	1	1	31	0	88	0	0	-4.86792	1	1
DL	0.00466071	0	4	2	8	1	1	32	0	88	0	0	17.9899	0	0
DL	0.00467857	0	4	2	9	1	1	33	0	88	0	0	15.7621	0	0
DL	0.00469643	0	4	2	10	1	1	34	0	88	0	0	1.605	0	0.001
DL	0.00471428	0	4	2	11	1	1	35	0	88	0	0	27.679	0	0
DL	0.00473214	0	4	2	12	1	1	36	0	88	0	0	13.8128	0	0
DL	0.00478571	0	4	3	1	1	1	37	0	88	0	0	23.495	0	0
DL	0.00480357	0	4	3	2	1	1	38	0	88	0	0	-18.8966	1	1
DL	0.00482143	0	4	3	3	1	1	39	0	88	0	0	38.9915	0	0
DL	0.00483928	0	4	3	4	1	1	40	0	88	0	0	29.8017	0	0
DL	0.00485714	0	4	3	5	1	1	41	0	88	0	0	35.621	0	0
DL	0.004875	0	4	3	6	1	1	42	0	88	0	0	3.21387	0	0
DL	0.00489285	0	4	3	7	1	1	43	0	88	0	0	9.09043	0	0
DL	0.00491071	0	4	3	8	1	1	44	0	88	0	0	36.8493	0	0
DL	0.00492857	0	4	3	9	1	1	45	0	88	0	0	-8.80951	1	1
DL	0.00494643	0	4	3	10	1	1	46	0	88	0	0	5.42547	0	0
DL	0.00496428	0	4	3	11	1	1	47	0	88	0	0	35.9996	0	0
DL	0.00498214	0	4	3	12	1	1	48	0	88	0	0	33.2509	0	0
DL	0.00503571	0	5	0	1	1	1	7	0	88	0	1	-8.99497	1	1
DL	0.00505357	0	5	0	2	1	1	7	0	88	0	2	-8.99497	1	1
DL	0.00507143	0	5	0	3	1	1	11	0	88	0	1	-4.95515	1	0.999039
DL	0.00508928	0	5	0	4	1	1	11	0	88	0	2	-4.95515	0	0.001
DL	0.00510714	0	5	0	5	1	1	17	0	88	0	1	-2.4899	0	0.001
DL	0.005125	0	5	0	6	1	1	17	0	88	0	2	-2.4899	1	1
DL	0.00514285	0	5	0	7	1	1	49	0	88	0	0	3.10692	0	0
DL	0.00516071	0	5	0	8	1	1	50	0	88	0	0	34.8111	0	0
DL	0.00517857	0	5	0	9	1	1	51	0	88	0	0	3.08925	0	0
DL	0.00519643	0	5	0	10	1	1	52	0	88	0	0	31.6606	0	0
DL	0.00521428	0	5	0	11	1	1	53	0	88	0	0	22.3917	0	0
DL	0.00523214	0	5	0	12	1	1	54	0	88	0	0	8.59948	0	0
DL	0.00528571	0	5	1	1	1	1	21	0	88	0	1	-13.3175	1	1
DL	0.00530357	0	5	1	2	1	1	21	0	88	0	2	-13.3175	1	1
DL	0.00532143	0	5	1	3	1	1	29	0	88	0	1	-0.667291	0	0
DL	0.00533928	0	5	1	4	1	1	29	0	88	0	2	-0.667291	1	0.935252
DL	0.00535714	0	5	1	5	1	1	55	0	88	0	0	-8.70329	1	1
DL	0.005375	0	5	1	6	1	1	56	0	88	0	0	-2.83308	1	1
DL	0.00539286	0	5	1	7	1	1	57	0	88	0	0	6.61487	0	0
DL	0.00541071	0	5	1	8	1	1	58	0	88	0	0	8.9117	0	0
DL	0.00542857	0	5	1	9	1	1	59	0	88	0	0	-2.72414	1	1
DL	0.00544643	0	5	1	10	1	1	60	0	88	0	0	-1.44105	1	0.999039
UL	0.00546428	0	5	1	11	1	1	1	0	88	0	0	36.071 	0	0
UL	0.00548214	0	5	1	12	1	1	2	0	88	0	0	2.80129 	0	0
DL	0.00553571	0	5	2	1	1	1	31	0	88	0	1	-4.86792	1	0.999039
DL	0.00555357	0	5	2	2	1	1	31	0	88	0	2	-4.86792	0	0.001
DL	0.00557143	0	5	2	3	1	1	38	0	88	0	1	-18.8966	1	1
DL	0.00558928	0	5	2	4	1	1	38	0	88	0	2	-18.8966	1	1
UL	0.00560714	0	5	2	5	1	1	3	0	88	0	0	0.0303378 	0	0.22567
UL	0.005625	0	5	2	6	1	1	4	0	88	0	0	1.40534 	0	0
UL	0.00564285	0	5	2	7	1	1	5	0	88	0	0	-0.0180432 	1	0.22567
UL	0.00566071	0	5	2	8	1	1	6	0	88	0	0	3.49883 	0	0
UL	0.00567857	0	5	2	9	1	1	8	0	88	0	0	6.32895 	0	0
UL	0.00569643	0	5	2	10	1	1	9	0	88	0	0	27.1142 	0	0
UL	0.00571428	0	5	2	11	1	1	10	0	88	0	0	6.09353 	0	0
UL	0.00573214	0	5	2	12	1	1	12	0	88	0	0	16.5784 	0	0
DL	0.00578571	0	5	3	1	1	1	45	0	88	0	1	-8.80951	1	1
DL	0.00580357	0	5	3	2	1	1	45	0	88	0	2	-8.80951	1	1
DL	0.00582143	0	5	3	3	1	1	7	0	88	0	3	-8.99497	1	1
DL	0.00583928	0	5	3	4	1	1	11	0	88	0	3	-4.95515	1	1
UL	0.00585714	0	5	3	5	1	1	13	0	88	0	0	32.9683 	0	0
UL	0.005875	0	5	3	6	1	1	14	0	88	0	0	42.3133 	0	0
UL	0.00589285	0	5	3	7	1	1	15	0	88	0	0	9.79329 	0	0
UL	0.00591071	0	5	3	8	1	1	16	0	88	0	0	17.0208 	0	0
UL	0.00592857	0	5	3	9	1	1	18	0	88	0	0	37.3649 	0	0
UL	0.00594643	0	5	3	10	1	1	19	0	88	0	0	19.639 	0	0
UL	0.00596428	0	5	3	11	1	1	20	0	88	0	0	10.598 	0	0
UL	0.00598214	0	5	3	12	1	1	22	0	88	0	0	21.9605 	0	0
DL	0.00603571	0	6	0	1	1	1	21	0	88	0	3	-13.3175	1	1
DL	0.00605357	0	6	0	2	1	1	55	0	88	0	1	-8.70329	1	1
DL	0.00607143	0	6	0	3	1	1	55	0	88	0	2	-8.70329	1	1
DL	0.00608928	0	6	0	4	1	1	56	0	88	0	1	-2.83308	0	0.001
DL	0.00610714	0	6	0	5	1	1	56	0	88	0	2	-2.83308	1	1
UL	0.006125	0	6	0	6	1	1	23	0	88	0	0	38.2018 	0	0
UL	0.00614286	0	6	0	7	1	1	24	0	88	0	0	20.1612 	0	0
UL	0.00616071	0	6	0	8	1	1	25	0	88	0	0	24.71 	0	0
UL	0.00617857	0	6	0	9	1	1	26	0	88	0	0	32.2919 	0	0
UL	0.00619643	0	6	0	10	1	1	27	0	88	0	0	35.9404 	0	0
UL	0.00621428	0	6	0	11	1	1	28	0	88	0	0	33.4449 	0	0
UL	0.00623214	0	6	0	12	1	1	30	0	88	0	0	12.8934 	0	0
DL	0.00628571	0	6	1	1	1	1	59	0	88	0	1	-2.72414	0	0.001
DL	0.00630357	0	6	1	2	1	1	59	0	88	0	2	-2.72414	1	1
DL	0.00632143	0	6	1	3	1	1	60	0	88	0	1	-1.44105	0	0
DL	0.00633928	0	6	1	4	1	1	60	0	88	0	2	-1.44105	1	0.999039
DL	0.00635714	0	6	1	5	1	1	31	0	88	0	3	-4.86792	1	1
DL	0.006375	0	6	1	6	1	1	38	0	88	0	3	-18.8966	1	1
UL	0.00639286	0	6	1	7	1	1	5	0	88	0	1	-0.0180432 	0	0
UL	0.00641071	0	6	1	8	1	1	32	0	88	0	0	17.9899 	0	0
UL	0.00642857	0	6	1	9	1	1	33	0	88	0	0	15.7621 	0	0
UL	0.00644643	0	6	1	10	1	1	34	0	88	0	0	1.605 	0	0.001
UL	0.00646428	0	6	1	11	1	1	35	0	88	0	0	27.679 	0	0
UL	0.00648214	0	6	1	12	1	1	36	0	88	0	0	13.8128 	0	0
DL	0.00653571	0	6	2	1	1	1	45	0	88	0	3	-8.80951	1	1
UL	0.00655357	0	6	2	2	1	1	37	0	88	0	0	23.495 	0	0
UL	0.00657143	0	6	2	3	1	1	39	0	88	0	0	38.9915 	0	0
UL	0.00658928	0	6	2	4	1	1	40	0	88	0	0	29.8017 	0	0
UL	0.00660714	0	6	2	5	1	1	41	0	88	0	0	35.621 	0	0
UL	0.006625	0	6	2	6	1	1	42	0	88	0	0	3.21387 	0	0
UL	0.00664285	0	6	2	7	1	1	43	0	88	0	0	9.09043 	0	0
UL	0.00666071	0	6	2	8	1	1	44	0	88	0	0	36.8493 	0	0
UL	0.00667857	0	6	2	9	1	1	46	0	88	0	0	5.42547 	0	0
UL	0.00669643	0	6	2	10	1	1	47	0	88	0	0	35.9996 	0	0
UL	0.00671428	0	6	2	11	1	1	48	0	88	0	0	33.2509 	0	0
UL	0.00673214	0	6	2	12	1	1	49	0	88	0	0	3.10692 	0	0
DL	0.00678571	0	6	3	1	1	1	55	0	88	0	3	-8.70329	1	1
DL	0.00680357	0	6	3	2	1	1	1	0	1946	26	0	36.071	0	0
DL	0.00682143	0	6	3	3	1	1	2	0	142	2	0	2.80129	0	0.0005
DL	0.00683928	0	6	3	4	1	1	4	0	142	2	0	1.40534	0	0.222002
DL	0.00685714	0	6	3	5	1	1	6	0	142	2	0	3.49883	0	0
UL	0.006875	0	6	3	6	1	1	50	0	88	0	0	34.8111 	0	0
UL	0.00689285	0	6	3	7	1	1	51	0	88	0	0	3.08925 	0	0
UL	0.00691071	0	6	3	8	1	1	52	0	88	0	0	31.6606 	0	0
UL	0.00692857	0	6	3	9	1	1	53	0	88	0	0	22.3917 	0	0
UL	0.00694643	0	6	3	10	1	1	54	0	88	0	0	8.59948 	0	0
UL	0.00696428	0	6	3	11	1	1	57	0	88	0	0	6.61487 	0	0
UL	0.00698214	0	6	3	12	1	1	58	0	88	0	0	8.9117 	0	0
DL	0.00703571	0	7	0	1	1	1	8	0	226	4	0	6.32895	0	0
DL	0.00705357	0	7	0	2	1	1	9	0	1717	24	0	27.1142	0	0
DL	0.00707143	0	7	0	3	1	1	10	0	333	6	0	6.09353	0	0.0111
DL	0.00708928	0	7	0	4	1	1	12	0	1052	18	0	16.5784	0	0
DL	0.00710714	0	7	0	5	1	1	13	0	1946	26	0	32.9683	0	0
DL	0.007125	0	7	0	6	1	1	14	0	1946	26	0	42.3133	0	0
DL	0.00714286	0	7	0	7	1	1	15	0	333	6	0	9.79329	0	0
DL	0.00716071	0	7	0	8	1	1	16	0	1258	20	0	17.0208	0	0.00019999
DL	0.00717857	0	7	0	9	1	1	18	0	1946	26	0	37.3649	0	0
DL	0.00719643	0	7	0	10	1	1	19	0	1258	20	0	19.639	0	0.00019999
UL	0.00721428	0	7	0	11	1	1	11	0	88	0	0	-4.95515 	1	1
UL	0.00723214	0	7	0	12	1	1	17	0	88	0	0	-2.4899 	1	1
DL	0.00728571	0	7	1	1	1	1	20	0	562	11	0	10.598	0	0
DL	0.00730357	0	7	1	2	1	1	22	0	1487	22	0	21.9605	0	0
DL	0.00732143	0	7	1	3	1	1	23	0	2126	28	0	38.2018	0	0.00598801
DL	0.00733928	0	7	1	4	1	1	24	0	1717	24	0	20.1612	0	0.0307597
DL	0.00735714	0	7	1	5	1	1	25	0	1717	24	0	24.71	0	0.0307597
DL	0.007375	0	7	1	6	1	1	26	0	1946	26	0	32.2919	0	0.00638976
DL	0.00739286	0	7	1	7	1	1	27	0	1946	26	0	35.9404	0	0
DL	0.00741071	0	7	1	8	1	1	28	0	1946	26	0	33.4449	0	0
DL	0.00742857	0	7	1	9	1	1	30	0	730	13	0	12.8934	0	0
DL	0.00744643	0	7	1	10	1	1	32	0	1052	18	0	17.9899	0	0
UL	0.00746428	0	7	1	11	1	1	29	0	88	0	0	-0.667291 	1	0.935252
UL	0.00748214	0	7	1	12	1	1	31	0	88	0	0	-4.86792 	1	1
DL	0.00753571	0	7	2	1	1	1	33	0	914	15	0	15.7621	0	0.006
DL	0.00755357	0	7	2	2	1	1	34	0	88	0	0	1.605	0	0.001
DL	0.00757143	0	7	2	3	1	1	35	0	1717	24	0	27.679	0	0
DL	0.00758928	0	7	2	4	1	1	36	0	730	13	0	13.8128	0	0
DL	0.00760714	0	7	2	5	1	1	37	0	1487	22	0	23.495	0	0
DL	0.007625	0	7	2	6	1	1	39	0	1946	26	0	38.9915	0	0
DL	0.00764285	0	7	2	7	1	1	40	0	1946	26	0	29.8017	0	0.00638976
DL	0.00766071	0	7	2	8	1	1	41	0	1946	26	0	35.621	0	0
DL	0.00767857	0	7	2	9	1	1	42	0	142	2	0	3.21387	0	0.0005
DL	0.00769643	0	7	2	10	1	1	43	0	333	6	0	9.09043	0	0
DL	0.00771428	0	7	2	11	1	1	44	0	1946	26	0	36.8493	0	0
DL	0.00773214	0	7	2	12	1	1	46	0	226	4	0	5.42547	0	0
DL	0.00778571	0	7	3	1	1	1	47	0	2126	28	0	35.9996	0	0
DL	0.00780357	0	7	3	2	1	1	48	0	1946	26	0	33.2509	0	0
DL	0.00782143	0	7	3	3	1	1	49	0	142	2	0	3.10692	0	0
DL	0.00783928	0	7	3	4	1	1	50	0	1946	26	0	34.8111	0	0
DL	0.00785714	0	7	3	5	1	1	51	0	142	2	0	3.08925	0	0.0005
DL	0.007875	0	7	3	6	1	1	52	0	1946	26	0	31.6606	0	0.00638976
DL	0.00789286	0	7	3	7	1	1	53	0	1487	22	0	22.3917	0	0.00039996
DL	0.00791071	0	7	3	8	1	1	54	0	333	6	0	8.59948	0	0
DL	0.00792857	0	7	3	9	1	1	57	0	333	6	0	6.61487	0	0
UL	0.00794643	0	7	3	10	1	1	11	0	88	0	1	-4.95515 	1	0.999039
UL	0.00796428	0	7	3	11	1	1	17	0	88	0	1	-2.4899 	0	0.001
UL	0.00798214	0	7	3	12	1	1	56	0	88	0	0	-2.83308 	1	1
DL	0.00803571	0	8	0	1	1	1	58	0	333	6	0	8.9117	0	0
UL	0.00805357	0	8	0	2	1	1	29	0	88	0	1	-0.667291 	0	0
UL	0.00807143	0	8	0	3	1	1	31	0	88	0	1	-4.86792 	1	0.999039
UL	0.00808928	0	8	0	4	1	1	59	0	88	0	0	-2.72414 	1	1
UL	0.00810714	0	8	0	5	1	1	60	0	88	0	0	-1.44105 	1	0.999039
UL	0.00853571	0	8	2	1	1	1	11	0	88	0	2	-4.95515 	0	0.001
UL	0.00855357	0	8	2	2	1	1	56	0	88	0	1	-2.83308 	0	0.001
UL	0.00878571	0	8	3	1	1	1	31	0	88	0	2	-4.86792 	0	0.001
UL	0.00880357	0	8	3	2	1	1	59	0	88	0	1	-2.72414 	0	0.001
UL	0.00882143	0	8	3	3	1	1	60	0	88	0	1	-1.44105 	0	0
UL	0.0277857	2	7	3	1	1	1	11	0	88	0	0	-4.95515 	1	1
UL	0.0278036	2	7	3	2	1	1	17	0	88	0	0	-2.4899 	1	1
UL	0.0280357	2	8	0	1	1	1	29	0	88	0	0	-0.667291 	1	0.935252
UL	0.0285357	2	8	2	1	1	1	11	0	88	0	1	-4.95515 	1	0.999039
UL	0.0285536	2	8	2	2	1	1	17	0	88	0	1	-2.4899 	0	0.001
UL	0.0287857	2	8	3	1	1	1	29	0	88	0	1	-0.667291 	0	0
UL	0.0292857	2	9	1	1	1	1	11	0	88	0	2	-4.95515 	0	0.001
DL	0.0297857	2	9	3	1	1	1	3	0	88	0	0	0.0303378	0	0.22567
DL	0.0298036	2	9	3	2	1	1	5	0	88	0	0	-0.0180432	0	0.22567
DL	0.0307857	3	0	3	1	1	1	17	0	88	0	0	-2.4899	0	0.001
DL	0.0310357	3	1	0	1	1	1	29	0	88	0	0	-0.667291	0	0
DL	0.0315357	3	1	2	1	1	1	11	0	88	0	0	-4.95515	1	1
DL	0.0317857	3	1	3	1	1	1	56	0	88	0	0	-2.83308	0	0.001
DL	0.0320357	3	2	0	1	1	1	31	0	88	0	0	-4.86792	1	1
DL	0.0320536	3	2	0	2	1	1	59	0	88	0	0	-2.72414	0	0.001
DL	0.0320714	3	2	0	3	1	1	60	0	88	0	0	-1.44105	0	0
DL	0.0322857	3	2	1	1	1	1	11	0	88	0	1	-4.95515	1	0.999039
DL	0.0323036	3	2	1	2	1	1	11	0	88	0	2	-4.95515	0	0.001
DL	0.0327857	3	2	3	1	1	1	31	0	88	0	1	-4.86792	1	0.999039
DL	0.0328036	3	2	3	2	1	1	31	0	88	0	2	-4.86792	0	0.001
DL	0.0330357	3	3	0	1	1	1	11	0	88	0	3	-4.95515	1	1
UL	0.0330536	3	3	0	2	1	1	31	0	88	0	0	-4.86792 	1	1
DL	0.0335357	3	3	2	1	1	1	31	0	88	0	3	-4.86792	1	1
UL	0.0337857	3	3	3	1	1	1	31	0	88	0	1	-4.86792 	1	0.999039
DL	0.0340357	3	4	0	1	1	1	1	0	88	0	0	36.071	0	0
DL	0.0340536	3	4	0	2	1	1	2	0	88	0	0	2.80129	0	0
DL	0.0340714	3	4	0	3	1	1	4	0	88	0	0	1.40534	0	0
DL	0.0340893	3	4	0	4	1	1	6	0	88	0	0	3.49883	0	0
DL	0.0341071	3	4	0	5	1	1	8	0	88	0	0	6.32895	0	0
DL	0.034125	3	4	0	6	1	1	9	0	88	0	0	27.1142	0	0
DL	0.0341429	3	4	0	7	1	1	10	0	88	0	0	6.09353	0	0
DL	0.0341607	3	4	0	8	1	1	12	0	88	0	0	16.5784	0	0
DL	0.0341786	3	4	0	9	1	1	13	0	88	0	0	32.9683	0	0
DL	0.0341964	3	4	0	10	1	1	14	0	88	0	0	42.3133	0	0
DL	0.0342143	3	4	0	11	1	1	15	0	88	0	0	9.79329	0	0
DL	0.0342321	3	4	0	12	1	1	16	0	88	0	0	17.0208	0	0
DL	0.0342857	3	4	1	1	1	1	18	0	88	0	0	37.3649	0	0
DL	0.0343036	3	4	1	2	1	1	19	0	88	0	0	19.639	0	0
DL	0.0343214	3	4	1	3	1	1	20	0	88	0	0	10.598	0	0
DL	0.0343393	3	4	1	4	1	1	22	0	88	0	0	21.9605	0	0
DL	0.0343571	3	4	1	5	1	1	23	0	88	0	0	38.2018	0	0
DL	0.034375	3	4	1	6	1	1	24	0	88	0	0	20.1612	0	0
DL	0.0343929	3	4	1	7	1	1	25	0	88	0	0	24.71	0	0
DL	0.0344107	3	4	1	8	1	1	26	0	88	0	0	32.2919	0	0
DL	0.0344286	3	4	1	9	1	1	27	0	88	0	0	35.9404	0	0
DL	0.0344464	3	4	1	10	1	1	28	0	88	0	0	33.4449	0	0
DL	0.0344643	3	4	1	11	1	1	30	0	88	0	0	12.8934	0	0
DL	0.0344821	3	4	1	12	1	1	32	0	88	0	0	17.9899	0	0
DL	0.0345357	3	4	2	1	1	1	33	0	88	0	0	15.7621	0	0
DL	0.0345536	3	4	2	2	1	1	34	0	88	0	0	1.605	0	0.001
DL	0.0345714	3	4	2	3	1	1	35	0	88	0	0	27.679	0	0
DL	0.0345893	3	4	2	4	1	1	36	0	88	0	0	13.8128	0	0
DL	0.0346071	3	4	2	5	1	1	37	0	88	0	0	23.495	0	0
DL	0.034625	3	4	2	6	1	1	39	0	88	0	0	38.9915	0	0
DL	0.0346429	3	4	2	7	1	1	40	0	88	0	0	29.8017	0	0
DL	0.0346607	3	4	2	8	1	1	41	0	88	0	0	35.621	0	0
DL	0.0346786	3	4	2	9	1	1	42	0	88	0	0	3.21387	0	0
DL	0.0346964	3	4	2	10	1	1	43	0	88	0	0	9.09043	0	0
DL	0.0347143	3	4	2	11	1	1	44	0	88	0	0	36.8493	0	0
UL	0.0347321	3	4	2	12	1	1	31	0	88	0	2	-4.86792 	0	0.001
DL	0.0347857	3	4	3	1	1	1	46	0	88	0	0	5.42547	0	0
DL	0.0348036	3	4	3	2	1	1	47	0	88	0	0	35.9996	0	0
DL	0.0348214	3	4	3	3	1	1	48	0	88	0	0	33.2509	0	0
DL	0.0348393	3	4	3	4	1	1	49	0	88	0	0	3.10692	0	0
DL	0.0348571	3	4	3	5	1	1	50	0	88	0	0	34.8111	0	0
DL	0.034875	3	4	3	6	1	1	51	0	88	0	0	3.08925	0	0
DL	0.0348929	3	4	3	7	1	1	52	0	88	0	0	31.6606	0	0
DL	0.0349107	3	4	3	8	1	1	53	0	88	0	0	22.3917	0	0
DL	0.0349286	3	4	3	9	1	1	54	0	88	0	0	8.59948	0	0
DL	0.0349464	3	4	3	10	1	1	57	0	88	0	0	6.61487	0	0
DL	0.0349643	3	4	3	11	1	1	58	0	88	0	0	8.9117	0	0
UL	0.0350357	3	5	0	1	1	1	1	0	88	0	0	36.071 	0	0
UL	0.0350536	3	5	0	2	1	1	2	0	88	0	0	2.80129 	0	0
UL	0.0350714	3	5	0	3	1	1	4	0	88	0	0	1.40534 	0	0
UL	0.0350893	3	5	0	4	1	1	6	0	88	0	0	3.49883 	0	0
UL	0.0351071	3	5	0	5	1	1	8	0	88	0	0	6.32895 	0	0
UL	0.035125	3	5	0	6	1	1	9	0	88	0	0	27.1142 	0	0
UL	0.0351429	3	5	0	7	1	1	10	0	88	0	0	6.09353 	0	0
UL	0.0352857	3	5	1	1	1	1	12	0	88	0	0	16.5784 	0	0
UL	0.0353036	3	5	1	2	1	1	13	0	88	0	0	32.9683 	0	0
UL	0.0353214	3	5	1	3	1	1	14	0	88	0	0	42.3133 	0	0
UL	0.0353393	3	5	1	4	1	1	15	0	88	0	0	9.79329 	0	0
UL	0.0353571	3	5	1	5	1	1	16	0	88	0	0	17.0208 	0	0
UL	0.035375	3	5	1	6	1	1	18	0	88	0	0	37.3649 	0	0
UL	0.0353929	3	5	1	7	1	1	19	0	88	0	0	19.639 	0	0
UL	0.0354107	3	5	1	8	1	1	20	0	88	0	0	10.598 	0	0
UL	0.0354286	3	5	1	9	1	1	22	0	88	0	0	21.9605 	0	0
UL	0.0354464	3	5	1	10	1	1	23	0	88	0	0	38.2018 	0	0
UL	0.0354643	3	5	1	11	1	1	24	0	88	0	0	20.1612 	0	0
UL	0.0354821	3	5	1	12	1	1	25	0	88	0	0	24.71 	0	0
UL	0.0355357	3	5	2	1	1	1	26	0	88	0	0	32.2919 	0	0
UL	0.0355536	3	5	2	2	1	1	27	0	88	0	0	35.9404 	0	0
UL	0.0355714	3	5	2	3	1	1	28	0	88	0	0	33.4449 	0	0
UL	0.0355893	3	5	2	4	1	1	30	0	88	0	0	12.8934 	0	0
UL	0.0356071	3	5	2	5	1	1	32	0	88	0	0	17.9899 	0	0
UL	0.035625	3	5	2	6	1	1	33	0	88	0	0	15.7621 	0	0
UL	0.0356429	3	5	2	7	1	1	34	0	88	0	0	1.605 	0	0.001
UL	0.0356607	3	5	2	8	1	1	35	0	88	0	0	27.679 	0	0
UL	0.0356786	3	5	2	9	1	1	36	0	88	0	0	13.8128 	0	0
UL	0.0356964	3	5	2	10	1	1	37	0	88	0	0	23.495 	0	0
UL	0.0357143	3	5	2	11	1	1	39	0	88	0	0	38.9915 	0	0
UL	0.0357321	3	5	2	12	1	1	40	0	88	0	0	29.8017 	0	0
DL	0.0357857	3	5	3	1	1	1	1	0	1946	26	0	36.071	0	0
DL	0.0358036	3	5	3	2	1	1	2	0	142	2	0	2.80129	0	0.0005
DL	0.0358214	3	5	3	3	1	1	4	0	142	2	0	1.40534	0	0.222002
DL	0.0358393	3	5	3	4	1	1	6	0	142	2	0	3.49883	0	0
DL	0.0358571	3	5	3	5	1	1	8	0	226	4	0	6.32895	0	0
DL	0.035875	3	5	3	6	1	1	9	0	1717	24	0	27.1142	0	0
DL	0.0358929	3	5	3	7	1	1	10	0	333	6	0	6.09353	0	0.0111
UL	0.0359107	3	5	3	8	1	1	41	0	88	0	0	35.621 	0	0
UL	0.0359286	3	5	3	9	1	1	42	0	88	0	0	3.21387 	0	0
UL	0.0359464	3	5	3	10	1	1	43	0	88	0	0	9.09043 	0	0
UL	0.0359643	3	5	3	11	1	1	44	0	88	0	0	36.8493 	0	0
UL	0.0359821	3	5	3	12	1	1	46	0	88	0	0	5.42547 	0	0
DL	0.0360357	3	6	0	1	1	1	12	0	1052	18	0	16.5784	0	0
DL	0.0360536	3	6	0	2	1	1	13	0	1946	26	0	32.9683	0	0
UL	0.0360714	3	6	0	3	1	1	47	0	88	0	0	35.9996 	0	0
UL	0.0360893	3	6	0	4	1	1	48	0	88	0	0	33.2509 	0	0
UL	0.0361071	3	6	0	5	1	1	49	0	88	0	0	3.10692 	0	0
UL	0.036125	3	6	0	6	1	1	50	0	88	0	0	34.8111 	0	0
UL	0.0361429	3	6	0	7	1	1	51	0	88	0	0	3.08925 	0	0
UL	0.0361607	3	6	0	8	1	1	52	0	88	0	0	31.6606 	0	0
UL	0.0361786	3	6	0	9	1	1	53	0	88	0	0	22.3917 	0	0
UL	0.0361964	3	6	0	10	1	1	54	0	88	0	0	8.59948 	0	0
UL	0.0362143	3	6	0	11	1	1	57	0	88	0	0	6.61487 	0	0
UL	0.0362321	3	6	0	12	1	1	58	0	88	0	0	8.9117 	0	0
DL	0.0362857	3	6	1	1	1	1	14	0	1946	26	0	42.3133	0	0
DL	0.0363036	3	6	1	2	1	1	15	0	333	6	0	9.79329	0	0
DL	0.0363214	3	6	1	3	1	1	16	0	1258	20	0	17.0208	0	0.00019999
DL	0.0363393	3	6	1	4	1	1	18	0	1946	26	0	37.3649	0	0
DL	0.0363571	3	6	1	5	1	1	19	0	1258	20	0	19.639	0	0.00019999
DL	0.036375	3	6	1	6	1	1	20	0	562	11	0	10.598	0	0
DL	0.0363929	3	6	1	7	1	1	22	0	1487	22	0	21.9605	0	0
DL	0.0364107	3	6	1	8	1	1	23	0	2126	28	0	38.2018	0	0.00598801
DL	0.0364286	3	6	1	9	1	1	24	0	1717	24	0	20.1612	0	0.0307597
UL	0.0364464	3	6	1	10	1	1	19	0	1258	20	0	19.639 	0	0.00019999
UL	0.0364643	3	6	1	11	1	1	22	0	1487	22	0	21.9605 	0	0
UL	0.0364821	3	6	1	12	1	1	24	0	1717	24	0	20.1612 	0	0.0307597
DL	0.0365357	3	6	2	1	1	1	25	0	1717	24	0	24.71	0	0.0307597
DL	0.0365536	3	6	2	2	1	1	26	0	1946	26	0	32.2919	0	0.00638976
DL	0.0365714	3	6	2	3	1	1	27	0	1946	26	0	35.9404	0	0
DL	0.0365893	3	6	2	4	1	1	28	0	1946	26	0	33.4449	0	0
DL	0.0366071	3	6	2	5	1	1	30	0	730	13	0	12.8934	0	0
DL	0.036625	3	6	2	6	1	1	32	0	1052	18	0	17.9899	0	0
DL	0.0366429	3	6	2	7	1	1	33	0	914	15	0	15.7621	0	0.006
DL	0.0366607	3	6	2	8	1	1	34	0	88	0	0	1.605	0	0.001
DL	0.0366786	3	6	2	9	1	1	35	0	1717	24	0	27.679	0	0
DL	0.0366964	3	6	2	10	1	1	36	0	730	13	0	13.8128	0	0
UL	0.0367143	3	6	2	11	1	1	27	0	2038	27	0	35.9404 	0	0
UL	0.0367321	3	6	2	12	1	1	35	0	1831	25	0	27.679 	0	0
DL	0.0367857	3	6	3	1	1	1	37	0	1487	22	0	23.495	0	0
DL	0.0368036	3	6	3	2	1	1	39	0	1946	26	0	38.9915	0	0
DL	0.0368214	3	6	3	3	1	1	40	0	1946	26	0	29.8017	0	0.00638976
DL	0.0368393	3	6	3	4	1	1	41	0	1946	26	0	35.621	0	0
DL	0.0368571	3	6	3	5	1	1	42	0	142	2	0	3.21387	0	0.0005
DL	0.036875	3	6	3	6	1	1	43	0	333	6	0	9.09043	0	0
DL	0.0368929	3	6	3	7	1	1	44	0	1946	26	0	36.8493	0	0
DL	0.0369107	3	6	3	8	1	1	46	0	226	4	0	5.42547	0	0
DL	0.0369286	3	6	3	9	1	1	47	0	2126	28	0	35.9996	0	0
DL	0.0369464	3	6	3	10	1	1	48	0	1946	26	0	33.2509	0	0
DL	0.0369643	3	6	3	11	1	1	49	0	142	2	0	3.10692	0	0
UL	0.0369821	3	6	3	12	1	1	37	0	1487	22	0	23.495 	0	0
DL	0.0370357	3	7	0	1	1	1	50	0	1946	26	0	34.8111	0	0
DL	0.0370536	3	7	0	2	1	1	51	0	142	2	0	3.08925	0	0.0005
DL	0.0370714	3	7	0	3	1	1	52	0	1946	26	0	31.6606	0	0.00638976
DL	0.0370893	3	7	0	4	1	1	53	0	1487	22	0	22.3917	0	0.00039996
DL	0.0371071	3	7	0	5	1	1	54	0	333	6	0	8.59948	0	0
DL	0.037125	3	7	0	6	1	1	57	0	333	6	0	6.61487	0	0
DL	0.0371429	3	7	0	7	1	1	58	0	333	6	0	8.9117	0	0
UL	0.0371607	3	7	0	8	1	1	36	0	822	14	0	13.8128 	0	0.0001
DL	0.0377857	3	7	3	1	1	1	50	0	1946	26	0	34.8111	0	0
DL	0.0378214	3	7	3	2	2	1	51	0	287	2	0	3.08925	0	0
DL	0.0378393	3	7	3	4	1	1	52	0	1946	26	0	31.6606	0	0.00638976
DL	0.037875	3	7	3	5	2	1	57	0	669	6	0	6.61487	0	0
DL	0.0378929	3	7	3	7	1	1	23	0	2126	28	0	38.2018	0	0.00598801
DL	0.0379107	3	7	3	8	1	1	28	0	1946	26	0	33.4449	0	0
DL	0.0379286	3	7	3	9	1	1	40	0	1946	26	0	29.8017	0	0.00638976
DL	0.0379464	3	7	3	10	1	1	46	0	226	4	0	5.42547	0	0
DL	0.0379643	3	7	3	11	1	1	48	0	1946	26	0	33.2509	0	0
UL	0.0379821	3	7	3	12	1	1	53	0	142	2	0	22.3917 	0	0
DL	0.0380357	3	8	0	1	1	1	46	0	226	4	0	5.42547	0	0
UL	0.0380536	3	8	0	2	1	1	2	0	142	2	0	2.80129 	0	0.0005
UL	0.0380714	3	8	0	3	1	1	4	0	142	2	0	1.40534 	0	0.222002
UL	0.0380893	3	8	0	4	1	1	6	0	188	3	0	3.49883 	0	0.0137
UL	0.0381071	3	8	0	5	1	1	8	0	279	5	0	6.32895 	0	0
UL	0.038125	3	8	0	6	1	1	12	0	1143	19	0	16.5784 	0	0.177071
UL	0.0381429	3	8	0	7	1	1	13	0	2038	27	0	32.9683 	0	0
UL	0.0381607	3	8	0	8	1	1	15	0	386	7	0	9.79329 	0	0
UL	0.0381786	3	8	0	9	1	1	16	0	1258	20	0	17.0208 	0	0.00019999
UL	0.0381964	3	8	0	10	1	1	30	0	822	14	0	12.8934 	0	0.0001
UL	0.0382143	3	8	0	11	1	1	32	0	1143	19	0	17.9899 	0	0.177071
UL	0.0382321	3	8	0	12	1	1	33	0	983	17	0	15.7621 	0	0.0001
DL	0.038375	3	8	1	1	6	1	51	0	868	2	0	3.08925	0	0
DL	0.0384107	3	8	1	7	2	1	57	0	669	6	0	6.61487	0	0
DL	0.0384821	3	8	1	9	4	1	46	0	914	4	0	5.42547	0	0
DL	0.0385357	3	8	2	1	1	1	51	0	142	2	0	3.08925	0	0.0005
DL	0.0397857	3	9	3	1	1	1	1	0	1946	26	0	36.071	0	0
DL	0.0398036	3	9	3	2	1	1	9	0	1717	24	0	27.1142	0	0
DL	0.0398393	3	9	3	3	2	1	10	0	669	6	0	6.09353	0	0.0193
DL	0.0398571	3	9	3	5	1	1	14	0	1946	26	0	42.3133	0	0
DL	0.0398929	3	9	3	6	2	1	20	0	1128	11	0	10.598	0	0
DL	0.0399107	3	9	3	8	1	1	39	0	1946	26	0	38.9915	0	0
DL	0.0399286	3	9	3	9	1	1	47	0	2126	28	0	35.9996	0	0
DL	0.0399643	3	9	3	10	2	1	54	0	669	6	0	8.59948	0	0
DL	0.0400536	4	0	0	1	2	1	10	0	669	6	0	6.09353	0	0.0193
DL	0.0400714	4	0	0	3	1	1	20	0	562	11	0	10.598	0	0
DL	0.0401071	4	0	0	4	2	1	54	0	669	6	0	8.59948	0	0
UL	0.040125	4	0	0	6	1	1	18	0	2038	27	0	37.3649 	0	0
UL	0.0401429	4	0	0	7	1	1	41	0	2038	27	0	35.621 	0	0
UL	0.0401607	4	0	0	8	1	1	42	0	142	2	0	3.21387 	0	0.0005
UL	0.0401786	4	0	0	9	1	1	43	0	386	7	0	9.09043 	0	0
UL	0.0401964	4	0	0	10	1	1	44	0	2038	27	0	36.8493 	0	0
UL	0.0402143	4	0	0	11	1	1	58	0	386	7	0	8.9117 	0	0
DL	0.0417857	4	1	3	1	1	1	25	0	1717	24	0	24.71	0	0.0307597
DL	0.0418036	4	1	3	2	1	1	26	0	1946	26	0	32.2919	0	0.00638976
DL	0.0418929	4	1	3	3	5	1	34	0	455	0	0	1.605	0	0
DL	0.0419821	4	1	3	8	5	1	49	0	723	2	0	3.10692	0	0
DL	0.0421607	4	2	0	1	8	1	34	0	730	0	0	1.605	0	0.00039996
DL	0.0422321	4	2	0	9	4	1	49	0	578	2	0	3.10692	0	0
DL	0.0422857	4	2	1	1	1	1	34	0	88	0	0	1.605	0	0.001
DL	0.0437857	4	3	3	1	1	1	19	0	1258	20	0	19.639	0	0.00019999
DL	0.0438036	4	3	3	2	1	1	22	0	1487	22	0	21.9605	0	0
DL	0.0438214	4	3	3	3	1	1	24	0	1717	24	0	20.1612	0	0.0307597
DL	0.0438393	4	3	3	4	1	1	27	0	1946	26	0	35.9404	0	0
DL	0.0438571	4	3	3	5	1	1	35	0	1717	24	0	27.679	0	0
DL	0.0438929	4	3	3	6	2	1	36	0	1464	13	0	13.8128	0	0
DL	0.0439107	4	3	3	8	1	1	37	0	1487	22	0	23.495	0	0
UL	0.0440357	4	4	0	1	1	1	23	0	2126	28	0	38.2018 	0	0.00598801
UL	0.0440536	4	4	0	2	1	1	28	0	2038	27	0	33.4449 	0	0
UL	0.0440714	4	4	0	3	1	1	40	0	1946	26	0	29.8017 	0	0.00638976
UL	0.0440893	4	4	0	4	1	1	46	0	279	5	0	5.42547 	0	0.0103
UL	0.0441071	4	4	0	5	1	1	48	0	88	0	0	33.2509 	0	0
UL	0.044125	4	4	0	6	1	1	50	0	2038	27	0	34.8111 	0	0
UL	0.0441429	4	4	0	7	1	1	51	0	188	3	0	3.08925 	0	0.0137
UL	0.0441607	4	4	0	8	1	1	52	0	2038	27	0	31.6606 	0	0.498128
UL	0.0441786	4	4	0	9	1	1	57	0	1487	22	0	6.61487 	1	1
UL	0.0447857	4	4	3	1	1	1	57	0	1487	22	1	6.61487 	1	1
UL	0.0455357	4	5	2	1	1	1	57	0	1487	22	2	6.61487 	1	1
DL	0.0457857	4	5	3	1	1	1	2	0	142	2	0	2.80129	0	0.0005
DL	0.0458036	4	5	3	2	1	1	4	0	142	2	0	1.40534	0	0.222002
DL	0.0458214	4	5	3	3	1	1	6	0	142	2	0	3.49883	0	0
DL	0.0458393	4	5	3	4	1	1	8	0	226	4	0	6.32895	0	0
DL	0.0458571	4	5	3	5	1	1	12	0	1052	18	0	16.5784	0	0
DL	0.045875	4	5	3	6	1	1	13	0	1946	26	0	32.9683	0	0
DL	0.0458929	4	5	3	7	1	1	15	0	333	6	0	9.79329	0	0
DL	0.0459107	4	5	3	8	1	1	16	0	1258	20	0	17.0208	0	0.00019999
DL	0.0459286	4	5	3	9	1	1	30	0	730	13	0	12.8934	0	0
DL	0.0459464	4	5	3	10	1	1	32	0	1052	18	0	17.9899	0	0
DL	0.0459643	4	5	3	11	1	1	33	0	914	15	0	15.7621	0	0.006
DL	0.0459821	4	5	3	12	1	1	53	0	1487	22	0	22.3917	0	0.00039996
DL	0.0460357	4	6	0	1	1	1	2	0	142	2	0	2.80129	0	0.0005
DL	0.0460536	4	6	0	2	1	1	4	0	142	2	0	1.40534	0	0.222002
DL	0.0460714	4	6	0	3	1	1	6	0	142	2	0	3.49883	0	0
DL	0.0460893	4	6	0	4	1	1	8	0	226	4	0	6.32895	0	0
DL	0.0461071	4	6	0	5	1	1	12	0	1052	18	0	16.5784	0	0
DL	0.046125	4	6	0	6	1	1	15	0	333	6	0	9.79329	0	0
DL	0.0461429	4	6	0	7	1	1	30	0	730	13	0	12.8934	0	0
DL	0.0461607	4	6	0	8	1	1	32	0	1052	18	0	17.9899	0	0
UL	0.0461786	4	6	0	9	1	1	9	0	1831	25	0	27.1142 	0	0.339237
UL	0.0461964	4	6	0	10	1	1	10	0	333	6	0	6.09353 	0	0.0111
UL	0.0462143	4	6	0	11	1	1	14	0	2038	27	0	42.3133 	0	0
UL	0.0462321	4	6	0	12	1	1	20	0	562	11	0	10.598 	0	0
DL	0.0462857	4	6	1	1	1	1	33	0	914	15	0	15.7621	0	0.006
DL	0.0463214	4	6	1	2	2	1	2	0	287	2	0	2.80129	0	0
DL	0.0463393	4	6	1	4	1	1	4	0	142	2	0	1.40534	0	0.222002
DL	0.0463571	4	6	1	5	1	1	6	0	142	2	0	3.49883	0	0
DL	0.046375	4	6	1	6	1	1	8	0	226	4	0	6.32895	0	0
DL	0.0463929	4	6	1	7	1	1	15	0	333	6	0	9.79329	0	0
UL	0.0464107	4	6	1	8	1	1	57	0	1487	22	3	6.61487 	0	0.00019999
UL	0.0464286	4	6	1	9	1	1	39	0	2038	27	0	38.9915 	0	0
UL	0.0464464	4	6	1	10	1	1	47	0	88	0	0	35.9996 	0	0
UL	0.0464643	4	6	1	11	1	1	54	0	1946	26	0	8.59948 	1	1
UL	0.0464821	4	6	1	12	1	1	1	0	2038	27	0	36.071 	0	0
DL	0.0465714	4	6	2	1	3	1	4	0	432	2	0	1.40534	0	0.0001
DL	0.046625	4	6	2	4	3	1	6	0	432	2	0	3.49883	0	0
DL	0.0466786	4	6	2	7	3	1	8	0	685	4	0	6.32895	0	0
DL	0.0466964	4	6	2	10	1	1	15	0	333	6	0	9.79329	0	0
DL	0.0467321	4	6	2	11	2	1	2	0	287	2	0	2.80129	0	0
DL	0.0468214	4	6	3	1	3	1	2	0	432	2	0	2.80129	0	0
DL	0.046875	4	6	3	4	3	1	4	0	432	2	0	1.40534	0	0.0001
DL	0.0469286	4	6	3	7	3	1	6	0	432	2	0	3.49883	0	0
UL	0.0470357	4	7	0	1	1	1	54	0	1946	26	1	8.59948 	1	1
UL	0.0477857	4	7	3	1	1	1	54	0	1946	26	2	8.59948 	0	0
UL	0.0480357	4	8	0	1	1	1	25	0	1717	24	0	24.71 	0	0.0307597
UL	0.0480536	4	8	0	2	1	1	26	0	1946	26	0	32.2919 	0	0.00638976
UL	0.0480714	4	8	0	3	1	1	34	0	111	1	0	1.605 	0	0.0034
UL	0.0480893	4	8	0	4	1	1	49	0	2126	28	0	3.10692 	1	1
UL	0.0487857	4	8	3	1	1	1	49	0	2126	28	1	3.10692 	1	1
UL	0.0495357	4	9	2	1	1	1	49	0	2126	28	2	3.10692 	1	1
DL	0.0497857	4	9	3	1	1	1	18	0	1946	26	0	37.3649	0	0
DL	0.0498036	4	9	3	2	1	1	41	0	1946	26	0	35.621	0	0
DL	0.0498571	4	9	3	3	3	1	42	0	432	2	0	3.21387	0	0
DL	0.0499107	4	9	3	6	3	1	43	0	1006	6	0	9.09043	0	0
DL	0.0499286	4	9	3	9	1	1	44	0	1946	26	0	36.8493	0	0
DL	0.0499821	4	9	3	10	3	1	58	0	1006	6	0	8.9117	0	0
DL	0.0500536	5	0	0	1	2	1	42	0	287	2	0	3.21387	0	0
DL	0.0500714	5	0	0	3	1	1	43	0	333	6	0	9.09043	0	0
DL	0.0500893	5	0	0	4	1	1	58	0	333	6	0	8.9117	0	0
UL	0.0501071	5	0	0	5	1	1	19	0	1258	20	0	19.639 	0	0.00019999
UL	0.050125	5	0	0	6	1	1	22	0	1487	22	0	21.9605 	0	0
UL	0.0501429	5	0	0	7	1	1	24	0	1717	24	0	20.1612 	0	0.0307597
UL	0.0501607	5	0	0	8	1	1	27	0	2038	27	0	35.9404 	0	0
UL	0.0501786	5	0	0	9	1	1	35	0	2038	27	0	27.679 	1	1
UL	0.0501964	5	0	0	10	1	1	36	0	822	14	0	13.8128 	0	0.0001
UL	0.0502143	5	0	0	11	1	1	37	0	1487	22	0	23.495 	0	0
DL	0.0503393	5	0	1	1	4	1	42	0	578	2	0	3.21387	0	0
UL	0.0503571	5	0	1	5	1	1	49	0	2126	28	3	3.10692 	1	1
UL	0.0507857	5	0	3	1	1	1	35	0	2038	27	1	27.679 	0	0
DL	0.0517857	5	1	3	1	1	1	23	0	2126	28	0	38.2018	0	0.00598801
DL	0.0518036	5	1	3	2	1	1	28	0	1946	26	0	33.4449	0	0
DL	0.0518214	5	1	3	3	1	1	40	0	1946	26	0	29.8017	0	0.00638976
DL	0.0518571	5	1	3	4	2	1	46	0	455	4	0	5.42547	0	0
DL	0.051875	5	1	3	6	1	1	48	0	1946	26	0	33.2509	0	0
DL	0.0518929	5	1	3	7	1	1	50	0	1946	26	0	34.8111	0	0
DL	0.0519286	5	1	3	8	2	1	51	0	287	2	0	3.08925	0	0
DL	0.0519464	5	1	3	10	1	1	52	0	1946	26	0	31.6606	0	0.00638976
DL	0.0519821	5	1	3	11	2	1	57	0	669	6	0	6.61487	0	0
DL	0.0520357	5	2	0	1	1	1	46	0	226	4	0	5.42547	0	0
UL	0.0520536	5	2	0	2	1	1	2	0	142	2	0	2.80129 	0	0.0005
UL	0.0520714	5	2	0	3	1	1	4	0	142	2	0	1.40534 	0	0.222002
UL	0.0520893	5	2	0	4	1	1	6	0	142	2	0	3.49883 	0	0
UL	0.0521071	5	2	0	5	1	1	8	0	188	3	0	6.32895 	0	0
UL	0.052125	5	2	0	6	1	1	12	0	279	5	0	16.5784 	0	0
UL	0.0521429	5	2	0	7	1	1	13	0	1143	19	0	32.9683 	0	0
UL	0.0521607	5	2	0	8	1	1	15	0	2038	27	0	9.79329 	1	1
UL	0.0521786	5	2	0	9	1	1	16	0	386	7	0	17.0208 	0	0
UL	0.0521964	5	2	0	10	1	1	30	0	1258	20	0	12.8934 	1	1
UL	0.0522143	5	2	0	11	1	1	32	0	822	14	0	17.9899 	0	0
UL	0.0522321	5	2	0	12	1	1	33	0	1143	19	0	15.7621 	1	0.999977
DL	0.0523393	5	2	1	1	4	1	51	0	578	2	0	3.08925	0	0
DL	0.052375	5	2	1	5	2	1	57	0	669	6	0	6.61487	0	0
DL	0.0524286	5	2	1	7	3	1	46	0	685	4	0	5.42547	0	0
UL	0.0524464	5	2	1	10	1	1	53	0	142	2	0	22.3917 	0	0
DL	0.0525714	5	2	2	1	3	1	51	0	432	2	0	3.08925	0	0
UL	0.0527857	5	2	3	1	1	1	15	0	2038	27	1	9.79329 	0	0.106975
UL	0.0528036	5	2	3	2	1	1	30	0	1258	20	1	12.8934 	0	0
UL	0.0528214	5	2	3	3	1	1	33	0	1143	19	1	15.7621 	0	0
DL	0.0537857	5	3	3	1	1	1	1	0	1946	26	0	36.071	0	0
DL	0.0538036	5	3	3	2	1	1	9	0	1717	24	0	27.1142	0	0
DL	0.0538393	5	3	3	3	2	1	10	0	669	6	0	6.09353	0	0.0193
DL	0.0538571	5	3	3	5	1	1	14	0	1946	26	0	42.3133	0	0
DL	0.0538929	5	3	3	6	2	1	20	0	1128	11	0	10.598	0	0
DL	0.0539107	5	3	3	8	1	1	39	0	1946	26	0	38.9915	0	0
DL	0.0539286	5	3	3	9	1	1	47	0	2126	28	0	35.9996	0	0
DL	0.0539643	5	3	3	10	2	1	54	0	669	6	0	8.59948	0	0
DL	0.0540536	5	4	0	1	2	1	10	0	669	6	0	6.09353	0	0.0193
DL	0.0540714	5	4	0	3	1	1	20	0	562	11	0	10.598	0	0
DL	0.0541071	5	4	0	4	2	1	54	0	669	6	0	8.59948	0	0
DL	0.055625	5	5	2	1	6	1	3	0	547	0	0	0.0303378	0	0.124091
DL	0.0557321	5	5	2	7	6	1	5	0	547	0	0	-0.0180432	0	0.124091
DL	0.0558214	5	5	3	1	3	1	3	0	272	0	0	0.0303378	0	0.0641
DL	0.055875	5	5	3	4	3	1	5	0	272	0	0	-0.0180432	0	0.0641
DL	0.0558929	5	5	3	7	1	1	25	0	1717	24	0	24.71	0	0.0307597
DL	0.0559107	5	5	3	8	1	1	26	0	1946	26	0	32.2919	0	0.00638976
DL	0.0559464	5	5	3	9	2	1	34	0	180	0	0	1.605	0	0
DL	0.0559821	5	5	3	11	2	1	49	0	287	2	0	3.10692	0	0
DL	0.0560536	5	6	0	1	2	1	3	0	180	0	0	0.0303378	0	0.0012
DL	0.0560893	5	6	0	3	2	1	5	0	180	0	0	-0.0180432	0	0.139673
DL	0.0561071	5	6	0	5	1	1	34	0	88	0	0	1.605	0	0.001
DL	0.056125	5	6	0	6	1	1	49	0	142	2	0	3.10692	0	0
UL	0.0561429	5	6	0	7	1	1	18	0	2038	27	0	37.3649 	0	0
UL	0.0561607	5	6	0	8	1	1	41	0	2038	27	0	35.621 	0	0
UL	0.0561786	5	6	0	9	1	1	42	0	2038	27	0	3.21387 	1	1
UL	0.0561964	5	6	0	10	1	1	43	0	2038	27	0	9.09043 	1	1
UL	0.0562143	5	6	0	11	1	1	44	0	142	2	0	36.8493 	0	0
UL	0.0562321	5	6	0	12	1	1	58	0	386	7	0	8.9117 	0	0
DL	0.056375	5	6	1	1	6	1	34	0	547	0	0	1.605	0	0
DL	0.0564821	5	6	1	7	6	1	49	0	868	2	0	3.10692	0	0
DL	0.0566071	5	6	2	1	5	1	34	0	455	0	0	1.605	0	0
DL	0.0567321	5	6	2	6	7	1	17	0	639	0	0	-2.4899	1	1
DL	0.0568571	5	6	3	1	5	1	17	0	455	0	0	-2.4899	1	1
DL	0.0569464	5	6	3	6	5	1	29	0	455	0	0	-0.667291	1	0.968045
UL	0.0569643	5	6	3	11	1	1	42	0	2038	27	1	3.21387 	1	1
UL	0.0569821	5	6	3	12	1	1	43	0	2038	27	1	9.09043 	1	1
DL	0.0570714	5	7	0	1	3	1	17	0	272	0	0	-2.4899	1	1
DL	0.0572321	5	7	0	4	9	1	29	0	822	0	0	-0.667291	1	0.999431
DL	0.0572857	5	7	1	1	1	1	29	0	88	0	0	-0.667291	1	0.935252
DL	0.0576429	5	7	2	1	7	1	17	0	639	0	1	-2.4899	0	0.00019999
DL	0.0577321	5	7	2	8	5	1	17	0	455	0	1	-2.4899	0	0
DL	0.0578929	5	7	3	1	7	1	17	0	639	0	2	-2.4899	1	1
DL	0.0579464	5	7	3	8	3	1	17	0	272	0	1	-2.4899	0	0
DL	0.0579643	5	7	3	11	1	1	19	0	1258	20	0	19.639	0	0.00019999
DL	0.0579821	5	7	3	12	1	1	22	0	1487	22	0	21.9605	0	0
DL	0.0580714	5	8	0	1	3	1	17	0	272	0	2	-2.4899	1	1
DL	0.0581607	5	8	0	4	5	1	29	0	455	0	1	-0.667291	0	0
DL	0.0581786	5	8	0	9	1	1	29	0	88	0	1	-0.667291	0	0
DL	0.0581964	5	8	0	10	1	1	29	0	88	0	2	-0.667291	1	0.935252
DL	0.0582143	5	8	0	11	1	1	24	0	1717	24	0	20.1612	0	0.0307597
DL	0.0582321	5	8	0	12	1	1	27	0	1946	26	0	35.9404	0	0
DL	0.0583571	5	8	1	1	5	1	29	0	455	0	2	-0.667291	1	0.968045
DL	0.058375	5	8	1	6	1	1	35	0	1717	24	0	27.679	0	0
DL	0.0583929	5	8	1	7	1	1	36	0	730	13	0	13.8128	0	0
DL	0.0584107	5	8	1	8	1	1	37	0	1487	22	0	23.495	0	0
UL	0.0584286	5	8	1	9	1	1	28	0	2038	27	0	33.4449 	0	0
UL	0.0584464	5	8	1	10	1	1	40	0	1946	26	0	29.8017 	0	0.00638976
UL	0.0584643	5	8	1	11	1	1	46	0	279	5	0	5.42547 	0	0.0103
UL	0.0584821	5	8	1	12	1	1	48	0	2038	27	0	33.2509 	0	0
DL	0.0586786	5	8	2	1	9	1	29	0	822	0	1	-0.667291	0	0
UL	0.0586964	5	8	2	10	1	1	50	0	2038	27	0	34.8111 	0	0
UL	0.0587143	5	8	2	11	1	1	51	0	142	2	0	3.08925 	0	0.0005
UL	0.0587321	5	8	2	12	1	1	52	0	1946	26	0	31.6606 	0	0.00638976
DL	0.0589286	5	8	3	1	9	1	29	0	822	0	2	-0.667291	1	0.999431
DL	0.0589464	5	8	3	10	1	1	56	0	88	0	0	-2.83308	1	1
DL	0.0589643	5	8	3	11	1	1	59	0	88	0	0	-2.72414	1	1
UL	0.0589821	5	8	3	12	1	1	57	0	333	6	0	6.61487 	0	0
DL	0.0590714	5	9	0	1	3	1	60	0	272	0	0	-1.44105	1	1
DL	0.059125	5	9	0	4	3	1	11	0	272	0	0	-4.95515	1	1
DL	0.0591429	5	9	0	7	1	1	36	0	730	13	0	13.8128	0	0
DL	0.0591786	5	9	0	8	2	1	56	0	180	0	0	-2.83308	1	1
DL	0.0592143	5	9	0	10	2	1	59	0	180	0	0	-2.72414	1	1
UL	0.0592321	5	9	0	12	1	1	23	0	2126	28	0	38.2018 	0	0.00598801
DL	0.0593214	5	9	1	1	3	1	11	0	272	0	0	-4.95515	1	1
DL	0.059375	5	9	1	4	3	1	31	0	272	0	0	-4.86792	1	1
DL	0.0594107	5	9	1	7	2	1	56	0	180	0	0	-2.83308	1	1
DL	0.0594464	5	9	1	9	2	1	59	0	180	0	0	-2.72414	1	1
DL	0.0594821	5	9	1	11	2	1	60	0	180	0	0	-1.44105	1	1
DL	0.0595893	5	9	2	1	4	1	11	0	363	0	0	-4.95515	1	1
DL	0.0596607	5	9	2	5	4	1	31	0	363	0	0	-4.86792	1	1
DL	0.0597321	5	9	2	9	4	1	60	0	363	0	0	-1.44105	1	1
DL	0.0598214	5	9	3	1	3	1	60	0	272	0	1	-1.44105	0	0
DL	0.059875	5	9	3	4	3	1	60	0	272	0	2	-1.44105	1	1
DL	0.0599286	5	9	3	7	3	1	11	0	272	0	1	-4.95515	1	1
DL	0.0599821	5	9	3	10	3	1	11	0	272	0	2	-4.95515	0	0.0003
DL	0.0600714	6	0	0	1	3	1	11	0	272	0	1	-4.95515	1	1
DL	0.060125	6	0	0	4	3	1	11	0	272	0	2	-4.95515	0	0.0003
DL	0.0601786	6	0	0	7	3	1	31	0	272	0	1	-4.86792	1	1
DL	0.0602321	6	0	0	10	3	1	31	0	272	0	2	-4.86792	0	0.0003
DL	0.0603036	6	0	1	1	2	1	56	0	180	0	1	-2.83308	0	0.0012
DL	0.0603393	6	0	1	3	2	1	56	0	180	0	2	-2.83308	1	1
DL	0.060375	6	0	1	5	2	1	59	0	180	0	1	-2.72414	0	0.0012
DL	0.0604107	6	0	1	7	2	1	59	0	180	0	2	-2.72414	1	1
DL	0.0604821	6	0	1	9	4	1	11	0	363	0	1	-4.95515	1	1
DL	0.0605893	6	0	2	1	4	1	31	0	363	0	1	-4.86792	1	1
DL	0.0606607	6	0	2	5	4	1	31	0	363	0	2	-4.86792	0	0.0007
DL	0.0607321	6	0	2	9	4	1	60	0	363	0	1	-1.44105	0	0
DL	0.0608214	6	0	3	1	3	1	11	0	272	0	3	-4.95515	1	1
DL	0.060875	6	0	3	4	3	1	11	0	272	0	3	-4.95515	1	1
UL	0.0608929	6	0	3	7	1	1	1	0	88	0	0	36.071 	0	0
UL	0.0609107	6	0	3	8	1	1	9	0	88	0	0	27.1142 	0	0
UL	0.0609286	6	0	3	9	1	1	10	0	88	0	0	6.09353 	0	0
UL	0.0609464	6	0	3	10	1	1	14	0	2038	27	0	42.3133 	0	0
UL	0.0609643	6	0	3	11	1	1	20	0	333	6	0	10.598 	0	0
UL	0.0609821	6	0	3	12	1	1	39	0	2038	27	0	38.9915 	0	0
DL	0.0610714	6	1	0	1	3	1	31	0	272	0	3	-4.86792	1	1
UL	0.0610893	6	1	0	4	1	1	47	0	88	0	0	35.9996 	0	0
UL	0.0611071	6	1	0	5	1	1	54	0	1946	26	0	8.59948 	1	1
DL	0.0613393	6	1	1	1	4	1	11	0	363	0	2	-4.95515	0	0.0007
DL	0.0614107	6	1	1	5	4	1	11	0	363	0	3	-4.95515	1	1
DL	0.0614821	6	1	1	9	4	1	31	0	363	0	3	-4.86792	1	1
DL	0.0617857	6	1	3	1	1	1	2	0	142	2	0	2.80129	0	0.0005
DL	0.0618036	6	1	3	2	1	1	4	0	142	2	0	1.40534	1	0.222002
DL	0.0618214	6	1	3	3	1	1	6	0	142	2	0	3.49883	0	0
DL	0.0618393	6	1	3	4	1	1	8	0	226	4	0	6.32895	0	0
DL	0.0618571	6	1	3	5	1	1	12	0	1052	18	0	16.5784	0	0
DL	0.061875	6	1	3	6	1	1	13	0	1946	26	0	32.9683	0	0
DL	0.0618929	6	1	3	7	1	1	15	0	333	6	0	9.79329	0	0
DL	0.0619107	6	1	3	8	1	1	16	0	1258	20	0	17.0208	0	0.00019999
DL	0.0619286	6	1	3	9	1	1	30	0	730	13	0	12.8934	0	0
DL	0.0619464	6	1	3	10	1	1	32	0	1052	18	0	17.9899	0	0
DL	0.0619643	6	1	3	11	1	1	33	0	914	15	0	15.7621	0	0.006
UL	0.0619821	6	1	3	12	1	1	54	0	1946	26	1	8.59948 	1	1
DL	0.0620357	6	2	0	1	1	1	53	0	1487	22	0	22.3917	0	0.00039996
DL	0.0620536	6	2	0	2	1	1	2	0	142	2	0	2.80129	0	0.0005
DL	0.0620714	6	2	0	3	1	1	4	0	142	2	0	1.40534	1	0.222002
DL	0.0620893	6	2	0	4	1	1	6	0	142	2	0	3.49883	0	0
DL	0.0621071	6	2	0	5	1	1	8	0	226	4	0	6.32895	0	0
DL	0.062125	6	2	0	6	1	1	12	0	1052	18	0	16.5784	0	0
DL	0.0621429	6	2	0	7	1	1	15	0	333	6	0	9.79329	0	0
DL	0.0621607	6	2	0	8	1	1	30	0	730	13	0	12.8934	0	0
DL	0.0621786	6	2	0	9	1	1	32	0	1052	18	0	17.9899	0	0
DL	0.0621964	6	2	0	10	1	1	33	0	914	15	0	15.7621	0	0.006
UL	0.0622143	6	2	0	11	1	1	25	0	1717	24	0	24.71 	0	0.0307597
UL	0.0622321	6	2	0	12	1	1	26	0	1946	26	0	32.2919 	0	0.00638976
DL	0.0623036	6	2	1	1	2	1	2	0	287	2	0	2.80129	0	0
DL	0.0623393	6	2	1	3	2	1	4	0	287	2	0	1.40534	0	0
DL	0.062375	6	2	1	5	2	1	6	0	287	2	0	3.49883	0	0
DL	0.0624107	6	2	1	7	2	1	8	0	455	4	0	6.32895	0	0
DL	0.0624464	6	2	1	9	2	1	15	0	669	6	0	9.79329	0	0
UL	0.0624643	6	2	1	11	1	1	34	0	111	1	0	1.605 	0	0.0034
UL	0.0624821	6	2	1	12	1	1	49	0	188	3	0	3.10692 	0	0
DL	0.0625357	6	2	2	1	1	1	4	0	142	2	1	1.40534	0	0
DL	0.0625536	6	2	2	2	1	1	4	0	142	2	2	1.40534	0	0.222002
DL	0.0626071	6	2	2	3	3	1	2	0	432	2	0	2.80129	0	0
DL	0.0626429	6	2	2	6	2	1	4	0	287	2	0	1.40534	0	0
DL	0.0626786	6	2	2	8	2	1	6	0	287	2	0	3.49883	0	0
DL	0.0627143	6	2	2	10	2	1	8	0	455	4	0	6.32895	0	0
UL	0.0627321	6	2	2	12	1	1	54	0	1946	26	2	8.59948 	0	0
DL	0.0627857	6	2	3	1	1	1	4	0	142	2	1	1.40534	0	0
DL	0.0628036	6	2	3	2	1	1	4	0	142	2	2	1.40534	1	0.222002
DL	0.0628393	6	2	3	3	2	1	4	0	287	2	0	1.40534	0	0
DL	0.0628929	6	2	3	5	3	1	6	0	432	2	0	3.49883	0	0
DL	0.0629286	6	2	3	8	2	1	2	0	287	2	0	2.80129	0	0
DL	0.0630357	6	3	0	1	1	1	4	0	142	2	0	1.40534	1	0.222002
DL	0.0637857	6	3	3	1	1	1	4	0	142	2	1	1.40534	0	0
DL	0.0638036	6	3	3	2	1	1	4	0	142	2	2	1.40534	1	0.222002
DL	0.0638214	6	3	3	3	1	1	18	0	1946	26	0	37.3649	0	0
DL	0.0638393	6	3	3	4	1	1	41	0	1946	26	0	35.621	0	0
DL	0.063875	6	3	3	5	2	1	42	0	287	2	0	3.21387	0	0
DL	0.0639107	6	3	3	7	2	1	43	0	669	6	0	9.09043	0	0
DL	0.0639286	6	3	3	9	1	1	44	0	1946	26	0	36.8493	0	0
DL	0.0639643	6	3	3	10	2	1	58	0	669	6	0	8.9117	0	0
DL	0.0640536	6	4	0	1	2	1	42	0	287	2	0	3.21387	0	0
DL	0.0640893	6	4	0	3	2	1	43	0	669	6	0	9.09043	0	0
DL	0.0641071	6	4	0	5	1	1	58	0	333	6	0	8.9117	0	0
UL	0.064125	6	4	0	6	1	1	19	0	88	0	0	19.639 	0	0
UL	0.0641429	6	4	0	7	1	1	22	0	88	0	0	21.9605 	0	0
UL	0.0641607	6	4	0	8	1	1	24	0	88	0	0	20.1612 	0	0
UL	0.0641786	6	4	0	9	1	1	27	0	88	0	0	35.9404 	0	0
UL	0.0641964	6	4	0	10	1	1	35	0	1258	20	0	27.679 	0	0
UL	0.0642143	6	4	0	11	1	1	36	0	1487	22	0	13.8128 	1	1
UL	0.0642321	6	4	0	12	1	1	37	0	1717	24	0	23.495 	1	0.999999
DL	0.0642857	6	4	1	1	1	1	58	0	333	6	0	8.9117	0	0
DL	0.064375	6	4	1	2	5	1	42	0	723	2	0	3.21387	0	0
UL	0.0647857	6	4	3	1	1	1	36	0	1487	22	1	13.8128 	0	0
UL	0.0648036	6	4	3	2	1	1	37	0	1717	24	1	23.495 	0	0
DL	0.0657857	6	5	3	1	1	1	23	0	2126	28	0	38.2018	0	0.00598801
DL	0.0658036	6	5	3	2	1	1	28	0	1946	26	0	33.4449	0	0
DL	0.0658214	6	5	3	3	1	1	40	0	1946	26	0	29.8017	0	0.00638976
DL	0.0658571	6	5	3	4	2	1	46	0	455	4	0	5.42547	0	0
DL	0.065875	6	5	3	6	1	1	48	0	1946	26	0	33.2509	0	0
DL	0.0658929	6	5	3	7	1	1	50	0	1946	26	0	34.8111	0	0
DL	0.0659286	6	5	3	8	2	1	51	0	287	2	0	3.08925	0	0
DL	0.0659464	6	5	3	10	1	1	52	0	1946	26	0	31.6606	0	0.00638976
DL	0.0659821	6	5	3	11	2	1	57	0	669	6	0	6.61487	0	0
DL	0.0660893	6	6	0	1	4	1	46	0	914	4	0	5.42547	0	0
DL	0.0661964	6	6	0	5	6	1	51	0	868	2	0	3.08925	0	0
DL	0.0662321	6	6	0	11	2	1	57	0	669	6	0	6.61487	0	0
DL	0.0662857	6	6	1	1	1	1	51	0	142	2	0	3.08925	0	0.0005
DL	0.0677857	6	7	3	1	1	1	1	0	1946	26	0	36.071	0	0
DL	0.0678036	6	7	3	2	1	1	9	0	1717	24	0	27.1142	0	0
DL	0.0678393	6	7	3	3	2	1	10	0	669	6	0	6.09353	0	0.0193
DL	0.0678571	6	7	3	5	1	1	14	0	1946	26	0	42.3133	0	0
DL	0.0678929	6	7	3	6	2	1	20	0	1128	11	0	10.598	0	0
DL	0.0679107	6	7	3	8	1	1	39	0	1946	26	0	38.9915	0	0
DL	0.0679286	6	7	3	9	1	1	47	0	2126	28	0	35.9996	0	0
DL	0.0679643	6	7	3	10	2	1	54	0	669	6	0	8.59948	0	0
DL	0.0680357	6	8	0	1	1	1	10	0	333	6	0	6.09353	0	0.0111
DL	0.0680536	6	8	0	2	1	1	20	0	562	11	0	10.598	0	0
UL	0.0680714	6	8	0	3	1	1	2	0	88	0	0	2.80129 	0	0
UL	0.0680893	6	8	0	4	1	1	4	0	142	2	0	1.40534 	0	0.222002
UL	0.0681071	6	8	0	5	1	1	6	0	142	2	0	3.49883 	0	0
UL	0.068125	6	8	0	6	1	1	8	0	188	3	0	6.32895 	0	0
UL	0.0681429	6	8	0	7	1	1	12	0	279	5	0	16.5784 	0	0
UL	0.0681607	6	8	0	8	1	1	13	0	1143	19	0	32.9683 	0	0
UL	0.0681786	6	8	0	9	1	1	15	0	2038	27	0	9.79329 	1	1
UL	0.0681964	6	8	0	10	1	1	16	0	386	7	0	17.0208 	0	0
UL	0.0682143	6	8	0	11	1	1	30	0	1258	20	0	12.8934 	1	1
UL	0.0682321	6	8	0	12	1	1	32	0	822	14	0	17.9899 	0	0
DL	0.0683036	6	8	1	1	2	1	54	0	669	6	0	8.59948	0	0
DL	0.0683214	6	8	1	3	1	1	10	0	333	6	0	6.09353	0	0.0111
UL	0.0683393	6	8	1	4	1	1	33	0	1143	19	0	15.7621 	1	0.999977
UL	0.0683571	6	8	1	5	1	1	53	0	88	0	0	22.3917 	0	0
UL	0.0687857	6	8	3	1	1	1	15	0	2038	27	1	9.79329 	1	0.106975
UL	0.0688036	6	8	3	2	1	1	30	0	1258	20	1	12.8934 	0	0
UL	0.0690357	6	9	0	1	1	1	33	0	1143	19	1	15.7621 	0	0
UL	0.0695357	6	9	2	1	1	1	15	0	2038	27	2	9.79329 	0	0
DL	0.0697857	6	9	3	1	1	1	25	0	1717	24	0	24.71	0	0.0307597
DL	0.0698036	6	9	3	2	1	1	26	0	1946	26	0	32.2919	0	0.00638976
DL	0.0698929	6	9	3	3	5	1	34	0	455	0	0	1.605	0	0
DL	0.0699821	6	9	3	8	5	1	49	0	723	2	0	3.10692	0	0
DL	0.0700536	7	0	0	1	2	1	34	0	180	0	0	1.605	0	0
DL	0.0700893	7	0	0	3	2	1	49	0	287	2	0	3.10692	0	0
UL	0.0701071	7	0	0	5	1	1	18	0	88	0	0	37.3649 	0	0
UL	0.070125	7	0	0	6	1	1	41	0	2038	27	0	35.621 	0	0
UL	0.0701429	7	0	0	7	1	1	42	0	2038	27	0	3.21387 	1	1
UL	0.0701607	7	0	0	8	1	1	43	0	142	2	0	9.09043 	0	0
UL	0.0701786	7	0	0	9	1	1	44	0	386	7	0	36.8493 	0	0
UL	0.0701964	7	0	0	10	1	1	58	0	386	7	0	8.9117 	0	0
DL	0.0703929	7	0	1	1	7	1	34	0	639	0	0	1.605	0	0.00019999
DL	0.0704286	7	0	1	8	2	1	49	0	287	2	0	3.10692	0	0
UL	0.0707857	7	0	3	1	1	1	42	0	2038	27	1	3.21387 	1	1
UL	0.0715357	7	1	2	1	1	1	42	0	2038	27	2	3.21387 	1	1
UL	0.0720357	7	2	0	1	1	1	23	0	88	0	0	38.2018 	0	0
UL	0.0720536	7	2	0	2	1	1	28	0	88	0	0	33.4449 	0	0
UL	0.0720714	7	2	0	3	1	1	40	0	1946	26	0	29.8017 	0	0.00638976
UL	0.0720893	7	2	0	4	1	1	46	0	279	5	0	5.42547 	0	0.0103
UL	0.0721071	7	2	0	5	1	1	48	0	2038	27	0	33.2509 	0	0
UL	0.072125	7	2	0	6	1	1	50	0	2038	27	0	34.8111 	0	0
UL	0.0721429	7	2	0	7	1	1	51	0	142	2	0	3.08925 	0	0.0005
UL	0.0721607	7	2	0	8	1	1	52	0	1946	26	0	31.6606 	0	0.00638976
UL	0.0721786	7	2	0	9	1	1	57	0	88	0	0	6.61487 	0	0
UL	0.0722857	7	2	1	1	1	1	42	0	2038	27	3	3.21387 	1	1
DL	0.0737857	7	3	3	1	1	1	19	0	1258	20	0	19.639	0	0.00019999
DL	0.0738036	7	3	3	2	1	1	22	0	1487	22	0	21.9605	0	0
DL	0.0738214	7	3	3	3	1	1	24	0	1717	24	0	20.1612	0	0.0307597
DL	0.0738393	7	3	3	4	1	1	27	0	1946	26	0	35.9404	0	0
DL	0.0738571	7	3	3	5	1	1	35	0	1717	24	0	27.679	0	0
DL	0.0738929	7	3	3	6	2	1	36	0	1464	13	0	13.8128	0	0
DL	0.0739107	7	3	3	8	1	1	37	0	1487	22	0	23.495	0	0
UL	0.0740357	7	4	0	1	1	1	1	0	2038	27	0	36.071 	0	0
UL	0.0740536	7	4	0	2	1	1	9	0	1831	25	0	27.1142 	1	0.339237
UL	0.0740714	7	4	0	3	1	1	10	0	333	6	0	6.09353 	0	0.0111
UL	0.0740893	7	4	0	4	1	1	14	0	2038	27	0	42.3133 	0	0
UL	0.0741071	7	4	0	5	1	1	20	0	562	11	0	10.598 	0	0
UL	0.074125	7	4	0	6	1	1	39	0	2038	27	0	38.9915 	0	0
UL	0.0741429	7	4	0	7	1	1	47	0	2126	28	0	35.9996 	0	0
UL	0.0741607	7	4	0	8	1	1	54	0	386	7	0	8.59948 	0	0
UL	0.0747857	7	4	3	1	1	1	9	0	1831	25	1	27.1142 	0	0
DL	0.0757857	7	5	3	1	1	1	2	0	142	2	0	2.80129	0	0.0005
DL	0.0758036	7	5	3	2	1	1	4	0	142	2	0	1.40534	0	0.222002
DL	0.0758214	7	5	3	3	1	1	6	0	142	2	0	3.49883	0	0
DL	0.0758393	7	5	3	4	1	1	8	0	226	4	0	6.32895	0	0
DL	0.0758571	7	5	3	5	1	1	12	0	1052	18	0	16.5784	0	0
DL	0.075875	7	5	3	6	1	1	13	0	1946	26	0	32.9683	0	0
DL	0.0758929	7	5	3	7	1	1	15	0	333	6	0	9.79329	0	0
DL	0.0759107	7	5	3	8	1	1	16	0	1258	20	0	17.0208	0	0.00019999
DL	0.0759286	7	5	3	9	1	1	30	0	730	13	0	12.8934	0	0
DL	0.0759464	7	5	3	10	1	1	32	0	1052	18	0	17.9899	0	0
DL	0.0759643	7	5	3	11	1	1	33	0	914	15	0	15.7621	0	0.006
DL	0.0759821	7	5	3	12	1	1	53	0	1487	22	0	22.3917	0	0.00039996
DL	0.0760357	7	6	0	1	1	1	2	0	142	2	0	2.80129	0	0.0005
DL	0.0760536	7	6	0	2	1	1	4	0	142	2	0	1.40534	0	0
DL	0.0760714	7	6	0	3	1	1	6	0	142	2	0	3.49883	0	0
DL	0.0760893	7	6	0	4	1	1	8	0	226	4	0	6.32895	0	0
DL	0.0761071	7	6	0	5	1	1	12	0	1052	18	0	16.5784	0	0
DL	0.076125	7	6	0	6	1	1	15	0	333	6	0	9.79329	0	0
DL	0.0761429	7	6	0	7	1	1	30	0	730	13	0	12.8934	0	0
DL	0.0761607	7	6	0	8	1	1	32	0	1052	18	0	17.9899	0	0
DL	0.0761786	7	6	0	9	1	1	33	0	914	15	0	15.7621	0	0.006
UL	0.0761964	7	6	0	10	1	1	25	0	88	0	0	24.71 	0	0
UL	0.0762143	7	6	0	11	1	1	26	0	88	0	0	32.2919 	0	0
UL	0.0762321	7	6	0	12	1	1	34	0	88	0	0	1.605 	0	0.001
DL	0.0763214	7	6	1	1	3	1	2	0	432	2	0	2.80129	0	0
DL	0.0763571	7	6	1	4	2	1	4	0	287	2	0	1.40534	0	0
DL	0.0763929	7	6	1	6	2	1	6	0	287	2	0	3.49883	0	0
DL	0.0764286	7	6	1	8	2	1	8	0	455	4	0	6.32895	0	0
DL	0.0764643	7	6	1	10	2	1	15	0	669	6	0	9.79329	0	0
UL	0.0764821	7	6	1	12	1	1	49	0	88	0	0	3.10692 	0	0
DL	0.0765893	7	6	2	1	4	1	4	0	578	2	0	1.40534	0	0
DL	0.0766429	7	6	2	5	3	1	6	0	432	2	0	3.49883	0	0
DL	0.0766786	7	6	2	8	2	1	8	0	455	4	0	6.32895	0	0
DL	0.0767321	7	6	2	10	3	1	2	0	432	2	0	2.80129	0	0
DL	0.0768036	7	6	3	1	2	1	6	0	287	2	0	3.49883	0	0
DL	0.0768214	7	6	3	3	1	1	2	0	142	2	0	2.80129	0	0.0005
DL	0.0768393	7	6	3	4	1	1	4	0	142	2	0	1.40534	1	0.222002
DL	0.0775357	7	7	2	1	1	1	4	0	142	2	1	1.40534	0	0
DL	0.0775536	7	7	2	2	1	1	4	0	142	2	2	1.40534	0	0.222002
DL	0.0777857	7	7	3	1	1	1	18	0	1946	26	0	37.3649	0	0
DL	0.0778036	7	7	3	2	1	1	41	0	1946	26	0	35.621	0	0
DL	0.0778571	7	7	3	3	3	1	42	0	432	2	0	3.21387	0	0
DL	0.0779107	7	7	3	6	3	1	43	0	1006	6	0	9.09043	0	0
DL	0.0779286	7	7	3	9	1	1	44	0	1946	26	0	36.8493	0	0
DL	0.0779821	7	7	3	10	3	1	58	0	1006	6	0	8.9117	0	0
DL	0.078125	7	8	0	1	6	1	42	0	868	2	0	3.21387	0	0
DL	0.0781429	7	8	0	7	1	1	43	0	333	6	0	9.09043	0	0
DL	0.0781607	7	8	0	8	1	1	58	0	333	6	0	8.9117	0	0
DL	0.0797857	7	9	3	1	1	1	23	0	2126	28	0	38.2018	0	0.00598801
DL	0.0798036	7	9	3	2	1	1	28	0	1946	26	0	33.4449	0	0
DL	0.0798214	7	9	3	3	1	1	40	0	1946	26	0	29.8017	0	0.00638976
DL	0.0798571	7	9	3	4	2	1	46	0	455	4	0	5.42547	0	0
DL	0.079875	7	9	3	6	1	1	48	0	1946	26	0	33.2509	0	0
DL	0.0798929	7	9	3	7	1	1	50	0	1946	26	0	34.8111	0	0
DL	0.0799286	7	9	3	8	2	1	51	0	287	2	0	3.08925	0	0
DL	0.0799464	7	9	3	10	1	1	52	0	1946	26	0	31.6606	0	0.00638976
DL	0.0799821	7	9	3	11	2	1	57	0	669	6	0	6.61487	0	0
DL	0.0800536	8	0	0	1	2	1	46	0	455	4	0	5.42547	0	0
DL	0.0800893	8	0	0	3	2	1	51	0	287	2	0	3.08925	0	0
DL	0.0801071	8	0	0	5	1	1	57	0	333	6	0	6.61487	0	0
UL	0.080125	8	0	0	6	1	1	19	0	88	0	0	19.639 	0	0
UL	0.0801429	8	0	0	7	1	1	22	0	88	0	0	21.9605 	0	0
UL	0.0801607	8	0	0	8	1	1	24	0	88	0	0	20.1612 	0	0
UL	0.0801786	8	0	0	9	1	1	27	0	88	0	0	35.9404 	0	0
UL	0.0801964	8	0	0	10	1	1	35	0	88	0	0	27.679 	0	0
UL	0.0802143	8	0	0	11	1	1	36	0	1258	20	0	13.8128 	1	1
UL	0.0802321	8	0	0	12	1	1	37	0	1487	22	0	23.495 	0	0
DL	0.0802857	8	0	1	1	1	1	57	0	333	6	0	6.61487	0	0
DL	0.0803214	8	0	1	2	2	1	46	0	455	4	0	5.42547	0	0
DL	0.080375	8	0	1	4	3	1	51	0	432	2	0	3.08925	0	0
DL	0.0805536	8	0	2	1	2	1	51	0	287	2	0	3.08925	0	0
UL	0.0807857	8	0	3	1	1	1	36	0	1258	20	1	13.8128 	0	0
DL	0.0817857	8	1	3	1	1	1	1	0	1946	26	0	36.071	0	0
DL	0.0818214	8	1	3	2	2	1	3	0	180	0	0	0.0303378	0	0.0012
DL	0.0818571	8	1	3	4	2	1	5	0	180	0	0	-0.0180432	0	0.139673
DL	0.081875	8	1	3	6	1	1	9	0	1717	24	0	27.1142	0	0
DL	0.0818929	8	1	3	7	1	1	10	0	333	6	0	6.09353	0	0.0111
DL	0.0819107	8	1	3	8	1	1	14	0	1946	26	0	42.3133	0	0
DL	0.0819286	8	1	3	9	1	1	20	0	562	11	0	10.598	0	0
DL	0.0819464	8	1	3	10	1	1	39	0	1946	26	0	38.9915	0	0
DL	0.0819643	8	1	3	11	1	1	47	0	2126	28	0	35.9996	0	0
DL	0.0819821	8	1	3	12	1	1	54	0	333	6	0	8.59948	0	0
DL	0.0820357	8	2	0	1	1	1	3	0	88	0	0	0.0303378	0	0.22567
DL	0.0820536	8	2	0	2	1	1	5	0	88	0	0	-0.0180432	0	0.22567
DL	0.0820714	8	2	0	3	1	1	10	0	333	6	0	6.09353	0	0.0111
DL	0.0820893	8	2	0	4	1	1	20	0	562	11	0	10.598	0	0
UL	0.0821071	8	2	0	5	1	1	2	0	88	0	0	2.80129 	0	0
UL	0.082125	8	2	0	6	1	1	4	0	88	0	0	1.40534 	0	0
UL	0.0821429	8	2	0	7	1	1	6	0	142	2	0	3.49883 	0	0
UL	0.0821607	8	2	0	8	1	1	8	0	142	2	0	6.32895 	0	0
UL	0.0821786	8	2	0	9	1	1	12	0	279	5	0	16.5784 	0	0
UL	0.0821964	8	2	0	10	1	1	13	0	1143	19	0	32.9683 	0	0
UL	0.0822143	8	2	0	11	1	1	15	0	2038	27	0	9.79329 	1	1
UL	0.0822321	8	2	0	12	1	1	16	0	386	7	0	17.0208 	0	0
DL	0.0823036	8	2	1	1	2	1	54	0	669	6	0	8.59948	0	0
DL	0.0823393	8	2	1	3	2	1	3	0	180	0	0	0.0303378	0	0.0012
DL	0.082375	8	2	1	5	2	1	5	0	180	0	0	-0.0180432	1	0.139673
DL	0.0823929	8	2	1	7	1	1	10	0	333	6	0	6.09353	0	0.0111
DL	0.0824107	8	2	1	8	1	1	20	0	562	11	0	10.598	0	0
UL	0.0824286	8	2	1	9	1	1	30	0	822	14	0	12.8934 	0	0.0001
UL	0.0824464	8	2	1	10	1	1	32	0	1143	19	0	17.9899 	0	0.177071
UL	0.0824643	8	2	1	11	1	1	33	0	88	0	0	15.7621 	0	0
UL	0.0824821	8	2	1	12	1	1	53	0	88	0	0	22.3917 	0	0
DL	0.0825357	8	2	2	1	1	1	10	0	333	6	0	6.09353	0	0.0111
DL	0.0825536	8	2	2	2	1	1	54	0	333	6	0	8.59948	0	0
UL	0.0827857	8	2	3	1	1	1	15	0	2038	27	1	9.79329 	0	0.106975
DL	0.0830536	8	3	0	1	2	1	5	0	180	0	1	-0.0180432	0	0
DL	0.0830893	8	3	0	3	2	1	5	0	180	0	2	-0.0180432	0	0.139673
DL	0.0839821	8	3	3	1	12	1	17	0	1094	0	0	-2.4899	0	0.00059988
DL	0.0840536	8	4	0	1	2	1	17	0	180	0	0	-2.4899	1	1
UL	0.0840714	8	4	0	3	1	1	18	0	88	0	0	37.3649 	0	0
UL	0.0840893	8	4	0	4	1	1	41	0	88	0	0	35.621 	0	0
UL	0.0841071	8	4	0	5	1	1	42	0	2038	27	0	3.21387 	1	1
UL	0.084125	8	4	0	6	1	1	43	0	2038	27	0	9.09043 	1	1
UL	0.0841429	8	4	0	7	1	1	44	0	142	2	0	36.8493 	0	0
UL	0.0841607	8	4	0	8	1	1	58	0	386	7	0	8.9117 	0	0
DL	0.0844821	8	4	1	1	12	1	17	0	1094	0	0	-2.4899	0	0.00059988
DL	0.0847321	8	4	2	1	12	1	29	0	1094	0	0	-0.667291	0	0
DL	0.0848036	8	4	3	1	2	1	17	0	180	0	1	-2.4899	0	0
DL	0.0848393	8	4	3	3	2	1	17	0	180	0	2	-2.4899	1	1
DL	0.0849464	8	4	3	5	6	1	29	0	547	0	0	-0.667291	0	0
UL	0.0849643	8	4	3	11	1	1	42	0	2038	27	1	3.21387 	1	1
UL	0.0849821	8	4	3	12	1	1	43	0	2038	27	1	9.09043 	1	1
DL	0.0851964	8	5	0	1	10	1	29	0	914	0	0	-0.667291	0	0
UL	0.0855357	8	5	2	1	1	1	42	0	2038	27	2	3.21387 	1	1
UL	0.0855536	8	5	2	2	1	1	43	0	2038	27	2	9.09043 	0	0
DL	0.0857857	8	5	3	1	1	1	25	0	1717	24	0	24.71	0	0.0307597
DL	0.0858036	8	5	3	2	1	1	26	0	1946	26	0	32.2919	0	0.00638976
DL	0.0858929	8	5	3	3	5	1	34	0	455	0	0	1.605	0	0
DL	0.0859821	8	5	3	8	5	1	49	0	723	2	0	3.10692	0	0
DL	0.0860357	8	6	0	1	1	1	34	0	88	0	0	1.605	0	0.001
DL	0.0860536	8	6	0	2	1	1	49	0	142	2	0	3.10692	0	0
DL	0.0860714	8	6	0	3	1	1	56	0	88	0	0	-2.83308	0	0.001
UL	0.0860893	8	6	0	4	1	1	23	0	2126	28	0	38.2018 	0	0.00598801
UL	0.0861071	8	6	0	5	1	1	28	0	2038	27	0	33.4449 	0	0
UL	0.086125	8	6	0	6	1	1	40	0	1946	26	0	29.8017 	0	0.00638976
UL	0.0861429	8	6	0	7	1	1	46	0	279	5	0	5.42547 	0	0.0103
UL	0.0861607	8	6	0	8	1	1	48	0	2038	27	0	33.2509 	0	0
UL	0.0861786	8	6	0	9	1	1	50	0	2038	27	0	34.8111 	0	0
UL	0.0861964	8	6	0	10	1	1	51	0	142	2	0	3.08925 	0	0.0005
UL	0.0862143	8	6	0	11	1	1	52	0	1946	26	0	31.6606 	0	0.00638976
UL	0.0862321	8	6	0	12	1	1	57	0	333	6	0	6.61487 	0	0
DL	0.0863214	8	6	1	1	3	1	59	0	272	0	0	-2.72414	0	0.0003
DL	0.0863571	8	6	1	4	2	1	60	0	180	0	0	-1.44105	0	0
DL	0.0863929	8	6	1	6	2	1	34	0	180	0	0	1.605	0	0
DL	0.0864286	8	6	1	8	2	1	49	0	287	2	0	3.10692	0	0
DL	0.0864643	8	6	1	10	2	1	56	0	180	0	0	-2.83308	0	0.0012
UL	0.0864821	8	6	1	12	1	1	42	0	2038	27	3	3.21387 	1	1
DL	0.0865714	8	6	2	1	3	1	60	0	272	0	0	-1.44105	0	0
DL	0.086625	8	6	2	4	3	1	34	0	272	0	0	1.605	0	0
DL	0.0866429	8	6	2	7	1	1	49	0	142	2	0	3.10692	0	0
DL	0.0866964	8	6	2	8	3	1	56	0	272	0	0	-2.83308	0	0.0003
DL	0.0867321	8	6	2	11	2	1	59	0	180	0	0	-2.72414	0	0.0012
DL	0.0868393	8	6	3	1	4	1	59	0	363	0	0	-2.72414	0	0.0002
DL	0.0869107	8	6	3	5	4	1	60	0	363	0	0	-1.44105	1	1
DL	0.0869821	8	6	3	9	4	1	34	0	363	0	0	1.605	0	0.0002
DL	0.087125	8	7	0	1	6	1	11	0	547	0	0	-4.95515	1	1
DL	0.0872321	8	7	0	7	6	1	31	0	547	0	0	-4.86792	1	1
DL	0.087375	8	7	1	1	6	1	11	0	547	0	0	-4.95515	1	1
DL	0.0874821	8	7	1	7	6	1	31	0	547	0	0	-4.86792	1	1
DL	0.087625	8	7	2	1	6	1	11	0	547	0	0	-4.95515	1	1
DL	0.0877321	8	7	2	7	6	1	31	0	547	0	0	-4.86792	1	1
DL	0.0878393	8	7	3	1	4	1	60	0	363	0	1	-1.44105	0	0
DL	0.0879107	8	7	3	5	4	1	60	0	363	0	2	-1.44105	1	1
DL	0.0879286	8	7	3	9	1	1	19	0	1258	20	0	19.639	0	0.00019999
DL	0.0879464	8	7	3	10	1	1	22	0	1487	22	0	21.9605	0	0
DL	0.0879643	8	7	3	11	1	1	24	0	1717	24	0	20.1612	0	0.0307597
DL	0.0879821	8	7	3	12	1	1	27	0	1946	26	0	35.9404	0	0
DL	0.088125	8	8	0	1	6	1	11	0	547	0	1	-4.95515	1	1
DL	0.0882321	8	8	0	7	6	1	11	0	547	0	2	-4.95515	0	0.00059991
DL	0.088375	8	8	1	1	6	1	11	0	547	0	1	-4.95515	1	1
DL	0.0884821	8	8	1	7	6	1	11	0	547	0	2	-4.95515	0	0.00059991
DL	0.088625	8	8	2	1	6	1	31	0	547	0	1	-4.86792	1	1
DL	0.0887321	8	8	2	7	6	1	31	0	547	0	2	-4.86792	0	0.00059991
DL	0.0888393	8	8	3	1	4	1	60	0	363	0	3	-1.44105	0	0
DL	0.0889464	8	8	3	5	6	1	11	0	547	0	3	-4.95515	1	1
UL	0.0889643	8	8	3	11	1	1	1	0	2038	27	0	36.071 	0	0
UL	0.0889821	8	8	3	12	1	1	9	0	1831	25	0	27.1142 	0	0.339237
DL	0.089125	8	9	0	1	6	1	11	0	547	0	3	-4.95515	1	1
DL	0.0891429	8	9	0	7	1	1	35	0	1717	24	0	27.679	0	0
DL	0.0891607	8	9	0	8	1	1	36	0	730	13	0	13.8128	0	0
DL	0.0891786	8	9	0	9	1	1	37	0	1487	22	0	23.495	0	0
UL	0.0891964	8	9	0	10	1	1	10	0	333	6	0	6.09353 	0	0.0111
